ISS (ZARYA)             
1 25544U 98067A   23047.56537642  .00023068  00000+0  40896-3 0  9992
2 25544  51.6393 205.9882 0009357 356.5079 132.4336 15.50101685383088
AEROCUBE 12A            
1 43556U 18046C   23046.64575226  .00135492  00000+0  18256-2 0  9991
2 43556  51.6305  67.2281 0002257 165.0967 195.0092 15.56866708256923
AEROCUBE 12B            
1 43557U 18046D   23047.32688158  .00076872  00000+0  13346-2 0  9998
2 43557  51.6341  74.6764 0003455 174.0587 186.0444 15.50149479256835
LEMUR-2-TOMHENDERSON    
1 43561U 18046H   23044.23424138  .06946628  12063-4  15307-2 0  9993
2 43561  51.6262  40.3393 0007662 120.2665 239.9117 16.29549322256624
ICS-EF (ISS DEB)        
1 45265U 98067RJ  23046.75305472  .00314281  49106-4  86308-3 0  9991
2 45265  51.6250 146.5142 0005472 357.7126   2.3855 15.93454230169910
ISS DEB                 
1 47853U 98067RZ  23047.38911069  .00036858  00000+0  44130-3 0  9994
2 47853  51.6376 190.1862 0001392 202.0664 158.0269 15.60591021109909
MMSATS-1                
1 47976U 98067SJ  23047.20342274  .00199503  00000+0  81075-3 0  9993
2 47976  51.6326 165.3065 0003440 311.3200 118.6162 15.85103720108494
CSS (TIANHE)            
1 48274U 21035A   23047.41909822  .00021973  00000+0  25635-3 0  9992
2 48274  41.4737 172.3666 0004729 268.4757 158.2029 15.61100658102941
ISS (NAUKA)             
1 49044U 21066A   23046.33235144  .00023566  00000+0  41842-3 0  9999
2 49044  51.6404 212.0968 0009312 352.6402  91.1572 15.50045791382890
FREGAT DEB              
1 49271U 11037PF  23044.97572005  .00013391  00000+0  47478-1 0  9990
2 49271  51.6062 288.6283 0925833 176.3397 184.4853 11.99502166 76071
KITSUNE                 
1 52148U 98067TK  23047.55173830  .00362323  00000+0  12704-2 0  9992
2 52148  51.6262 178.1285 0003850 328.6594 113.4071 15.87716401 51451
CSS (WENTIAN)           
1 53239U 22085A   23046.12576389  .00022088  00000+0  25823-3 0  9997
2 53239  41.4743 180.2414 0004695 260.6486  88.1890 15.61044096102736
1998-067TQ              
1 53305U 98067TQ  23044.50516968  .05164572  12040-4  15471-2 0  9990
2 53305  51.6197 198.3937 0011158 294.8420  65.1440 16.26070248 32395
HSU-SAT1                
1 53462U 98067UB  23047.47555380  .00492359  00000+0  18209-2 0  9996
2 53462  51.6281 189.8249 0004040 315.7511  44.3170 15.86314193 29402
FUTABA                  
1 53463U 98067UC  23047.35859033  .08913902  12336-4  11452-2 0  9999
2 53463  51.6100 184.3989 0007981 306.8914  53.1378 16.34905763 29466
D3                      
1 53767U 98067UE  23046.86684013  .00235873  00000+0  16674-2 0  9992
2 53767  51.6300 198.5795 0002258 264.7235  95.3506 15.72745479 25359
BEAVERCUBE              
1 53768U 98067UF  23046.82307761  .00209500  00000+0  15328-2 0  9994
2 53768  51.6343 199.0421 0002621 287.3342  72.7369 15.72016091 25350
CLICK-A                 
1 53769U 98067UG  23045.78525064  .00157541  00000+0  60158-3 0  9996
2 53769  51.6415 198.8985 0005749 290.4113  69.6274 15.86494798 25267
ISS DEB                 
1 53772U 98067UK  23046.68618875  .00862241  33001-3  23168-2 0  9993
2 53772  51.6268 194.2959 0007788 310.7303  49.3028 15.93779232 25393
SOYUZ-MS 22             
1 53879U 22116A   23046.33235144  .00023566  00000+0  41842-3 0  9997
2 53879  51.6404 212.0968 0009312 352.6402  91.1572 15.50045791382891
CREW DRAGON 5           
1 53963U 22124A   23046.33235144  .00023566  00000+0  41842-3 0  9990
2 53963  51.6404 212.0968 0009312 352.6402  91.1572 15.50045791382895
PROGRESS-MS 21          
1 54155U 22140A   23046.33235144  .00023566  00000+0  41842-3 0  9992
2 54155  51.6404 212.0968 0009312 352.6402  91.1572 15.50045791382899
CSS (MENGTIAN)          
1 54216U 22143A   23046.12576389  .00022088  00000+0  25823-3 0  9998
2 54216  41.4743 180.2414 0004695 260.6486  88.1890 15.61044096102732
CYGNUS NG-18            
1 54232U 22149A   23046.33235144  .00023566  00000+0  41842-3 0  9997
2 54232  51.6404 212.0968 0009312 352.6402  91.1572 15.50045791382895
TIANZHOU-5              
1 54237U 22152A   23046.12576389  .00022088  00000+0  25823-3 0  9991
2 54237  41.4743 180.2414 0004695 260.6486  88.1890 15.61044096102735
SHENZHOU-15             
1 54379U 22162A   23046.12576389  .00022088  00000+0  25823-3 0  9999
2 54379  41.4743 180.2414 0004695 260.6486  88.1890 15.61044096102732
1998-067UL              
1 54534U 98067UL  23046.73829167  .00157453  00000+0  18435-2 0  9996
2 54534  51.6368 207.4914 0003545 342.8954  17.1919 15.60499358 11786
1998-067UM              
1 54535U 98067UM  23047.67869016  .00163427  00000+0  17644-2 0  9997
2 54535  51.6352 202.3812 0003462 326.5680 100.3344 15.62576534 11932
1998-067UN              
1 54536U 98067UN  23046.96536057  .00110029  00000+0  13482-2 0  9991
2 54536  51.6406 206.5702 0003013   1.8814  89.0332 15.59498873 11778
1998-067UP              
1 54537U 98067UP  23047.00932961  .00127069  00000+0  14852-2 0  9996
2 54537  51.6377 206.0819 0003340 353.1766 108.5071 15.60664515 11825
XW-4 (CAS-10)           
1 54816U 21035C   23047.24265484  .00404626  00000+0  19851-2 0  9993
2 54816  41.4782 169.0932 0015321 350.4699  86.9754 15.80143564  9320
MARIO                   
1 55123U 98067UQ  23046.83032333  .00170315  00000+0  21007-2 0  9994
2 55123  51.6392 208.1114 0003183 322.7412  37.3360 15.59083709  7597
NUTSAT                  
1 55124U 98067UR  23046.91773259  .00289762  00000+0  30357-2 0  9998
2 55124  51.6358 207.1901 0005656 310.2857  49.7643 15.62902946  7605
LORIS                   
1 55125U 98067US  23046.53153625  .00133825  00000+0  17773-2 0  9991
2 55125  51.6376 209.8619 0002546 352.5268   7.5686 15.57260555  7551
ORCASAT                 
1 55126U 98067UT  23047.44217832  .00086089  00000+0  11896-2 0  9993
2 55126  51.6386 205.4458 0002566   9.5014 350.6026 15.56409765  7698
TJREVERB                
1 55128U 98067UV  23046.73450256  .00137322  00000+0  18508-2 0  9999
2 55128  51.6367 208.9669 0004037 359.3022   0.7964 15.56846734  7573
SPORT                   
1 55129U 98067UW  23046.90231180  .00065460  00000+0  99328-3 0  9995
2 55129  51.6389 208.5864 0002968 359.0583   1.0402 15.53977931  7595
PETITSAT                
1 55130U 98067UX  23045.75054033  .00190119  00000+0  23007-2 0  9999
2 55130  51.6373 213.6450 0005362 311.4655  48.5877 15.59504625  7371
SS-1                    
1 55181U 98067UY  23047.44326169  .00151702  00000+0  19670-2 0  9991
2 55181  51.6383 205.4500 0007023 323.0788  36.9720 15.57809077  6391
HSKSAT                  
1 55182U 98067UZ  23046.94856165  .00107582  00000+0  15138-2 0  9992
2 55182  51.6374 208.1445 0005439 319.0513  41.0069 15.55804439  6321
OPTIMAL-1               
1 55183U 98067VA  23044.77241057  .00066252  00000+0  98405-3 0  9997
2 55183  51.6392 219.1136 0004291  27.2023 332.9192 15.54554791  5982
ISS DEB (SPX-26 IPA FSE)
1 55448U 98067VB  23038.78602704  .00027616  00000+0  47819-3 0  9999
2 55448  51.6431 249.4450 0004278 322.9320 123.9056 15.50695856  1106
PROGRESS-MS 22          
1 55560U 23018A   23046.33235144  .00023566  00000+0  41842-3 0  9998
2 55560  51.6404 212.0968 0009312 352.6402  91.1572 15.50045791382890
